,City,State,Median household income (dollars),Monthly cost,Percent occupied income,Percent Occupied cost,Owner occupied income,Owner occupied cost,Percent owner occupied income,Percent owner occupied house cost,renter occupied income,renter occupied cost,percent renter occupied income,percent renter occupied monthly costs
0,aberdeen--bel air south--bel air north,md,86876,1374,86876,1374,98033,1465,98033,1465,49084,1203,49084,1203
1,abilene,tx,46387,891,46387,891,59643,733,59643,733,35904,941,35904,941
2,aguadilla--isabela--san sebastián,pr,17234,231,17234,231,23313,182,23313,182,10585,422,10585,422
3,akron,oh,53755,836,53755,836,72001,896,72001,896,31025,782,31025,782
4,albany,ga,40667,758,40667,758,53671,793,53671,793,29169,741,29169,741
5,albany--schenectady,ny,66516,1084,66516,1084,91740,1255,91740,1255,41088,989,41088,989
6,albuquerque,nm,51382,950,51382,950,67949,1016,67949,1016,32963,886,32963,886
7,alexandria,la,46008,803,46008,803,65430,795,65430,795,27423,808,27423,808
8,allentown,pa--nj,64106,1150,64106,1150,81222,1231,81222,1231,39086,1065,39086,1065
9,alton,il--mo,50056,759,50056,759,65387,780,65387,780,28620,746,28620,746
10,altoona,pa,47401,699,47401,699,60015,685,60015,685,23882,729,23882,729
11,amarillo,tx,50287,850,50287,850,67961,886,67961,886,32119,824,32119,824
12,ames,ia,50733,926,50733,926,82408,1064,82408,1064,28433,887,28433,887
13,anchorage,ak,78607,1453,78607,1453,100457,1684,100457,1684,52659,1232,52659,1232
14,anderson,in,44101,750,44101,750,56107,726,56107,726,23750,776,23750,776
15,anderson,sc,40792,736,40792,736,61678,702,61678,702,24341,760,24341,760
16,ann arbor,mi,65406,1156,65406,1156,95568,1274,95568,1274,39414,1089,39414,1089
17,anniston--oxford,al,43315,721,43315,721,52804,702,52804,702,24596,742,24596,742
18,antioch,ca,88462,1940,88462,1940,104050,2052,104050,2052,53786,1827,53786,1827
19,appleton,wi,62544,901,62544,901,78505,1010,78505,1010,39207,785,39207,785
20,arecibo,pr,17006,281,17006,281,21187,237,21187,237,9075,438,9075,438
21,asheville,nc,51764,909,51764,909,64329,916,64329,916,35097,902,35097,902
22,athens-clarke county,ga,46078,892,46078,892,79280,961,79280,961,30914,853,30914,853
23,atlanta,ga,70342,1237,70342,1237,91463,1292,91463,1292,46031,1193,46031,1193
24,atlantic city,nj,60274,1331,60274,1331,81700,1535,81700,1535,34190,1027,34190,1027
25,auburn,al,31565,783,31565,783,73674,860,73674,860,19974,765,19974,765
26,augusta-richmond county,ga--sc,51480,876,51480,876,67300,874,67300,874,31895,878,31895,878
27,austin,tx,77129,1445,77129,1445,107075,1622,107075,1622,52484,1331,52484,1331
28,avondale--goodyear,az,76483,1296,76483,1296,90363,1310,90363,1310,53107,1270,53107,1270
29,bakersfield,ca,52527,1129,52527,1129,75109,1309,75109,1309,33569,1020,33569,1020
30,baltimore,md,76111,1397,76111,1397,99783,1522,99783,1522,47190,1285,47190,1285
31,barnstable town,ma,68305,1380,68305,1380,80554,1417,80554,1417,36782,1300,36782,1300
32,baton rouge,la,57309,945,57309,945,78408,964,78408,964,31853,929,31853,929
33,battle creek,mi,43348,734,43348,734,53665,714,53665,714,30542,757,30542,757
34,bay city,mi,43980,706,43980,706,52362,734,52362,734,24582,662,24582,662
35,beaumont,tx,47138,771,47138,771,63905,723,63905,723,29118,815,29118,815
36,bellingham,wa,57494,1182,57494,1182,78393,1336,78393,1336,39527,1101,39527,1101
37,bend,or,65206,1349,65206,1349,91643,1446,91643,1446,36994,1254,36994,1254
38,billings,mt,57647,936,57647,936,68350,1012,68350,1012,35701,888,35701,888
39,binghamton,ny--pa,47224,815,47224,815,68810,880,68810,880,25111,766,25111,766
40,birmingham,al,57599,966,57599,966,77268,995,77268,995,36348,943,36348,943
41,bismarck,nd,64370,879,64370,879,86850,978,86850,978,43265,812,43265,812
42,blacksburg,va,43543,954,43543,954,70905,854,70905,854,19416,999,19416,999
43,bloomington,in,42740,906,42740,906,71736,934,71736,934,26293,894,26293,894
44,bloomington--normal,il,61785,948,61785,948,88864,1093,88864,1093,31892,843,31892,843
45,boise city,id,64584,1075,64584,1075,80540,1142,80540,1142,40003,983,40003,983
46,bonita springs,fl,72135,1246,72135,1246,84858,1207,84858,1207,45041,1321,45041,1321
47,boston,ma--nh--ri,87801,1726,87801,1726,117747,1972,117747,1972,51762,1518,51762,1518
48,boulder,co,65157,1509,65157,1509,119037,1477,119037,1477,41684,1529,41684,1529
49,bowling green,ky,47171,843,47171,843,70136,885,70136,885,31476,830,31476,830
50,bremerton,wa,74255,1345,74255,1345,90970,1402,90970,1402,47502,1295,47502,1295
51,bridgeport--stamford,ct--ny,87960,1810,87960,1810,119973,2114,119973,2114,48079,1445,48079,1445
52,bristol--bristol,tn--va,37463,650,37463,650,45805,655,45805,655,25115,643,25115,643
53,brownsville,tx,35508,641,35508,641,48147,547,48147,547,22546,731,22546,731
54,buffalo,ny,54587,860,54587,860,74752,915,74752,915,31642,818,31642,818
55,burlington,nc,49680,846,49680,846,63115,902,63115,902,32358,827,32358,827
56,burlington,vt,69608,1344,69608,1344,99896,1534,99896,1534,41747,1213,41747,1213
57,camarillo,ca,91787,2124,91787,2124,111007,2228,111007,2228,76044,1991,76044,1991
58,canton,oh,49850,758,49850,758,64649,822,64649,822,28373,716,28373,716
59,cape coral,fl,54056,1042,54056,1042,61461,935,61461,935,40494,1178,40494,1178
60,carbondale,il,36717,691,36717,691,59789,683,59789,683,21561,695,21561,695
61,casper,wy,63734,888,63734,888,78492,1003,78492,1003,45110,836,45110,836
62,cedar rapids,ia,61188,907,61188,907,76195,1051,76195,1051,32085,710,32085,710
63,champaign,il,48500,902,48500,902,82634,1100,82634,1100,26810,820,26810,820
64,charleston,wv,41470,682,41470,682,56835,602,56835,602,22381,759,22381,759
65,charleston--north charleston,sc,65221,1239,65221,1239,81852,1257,81852,1257,44012,1221,44012,1221
66,charlotte,nc--sc,68249,1206,68249,1206,87992,1278,87992,1278,47706,1150,47706,1150
67,charlottesville,va,69785,1264,69785,1264,110634,1337,110634,1337,43881,1240,43881,1240
68,chattanooga,tn--ga,54338,874,54338,874,68324,890,68324,890,36359,858,36359,858
69,cheyenne,wy,60083,954,60083,954,73662,1060,73662,1060,30810,871,30810,871
70,chicago,il--in,70408,1285,70408,1285,91121,1453,91121,1453,42889,1119,42889,1119
71,chico,ca,54919,1179,54919,1179,94616,1342,94616,1342,34939,1131,34939,1131
72,cincinnati,oh--ky--in,63358,1000,63358,1000,85912,1134,85912,1134,36747,868,36747,868
73,clarksville,tn--ky,49140,980,49140,980,70189,1003,70189,1003,37301,961,37301,961
74,cleveland,oh,56528,918,56528,918,77637,1032,77637,1032,31669,819,31669,819
75,cleveland,tn,44719,790,44719,790,55911,790,55911,790,33173,789,33173,789
76,coeur d'alene,id,50828,1013,50828,1013,68049,1032,68049,1032,36143,989,36143,989
77,college station--bryan,tx,47793,976,47793,976,78897,1062,78897,1062,31322,947,31322,947
78,colorado springs,co,66477,1216,66477,1216,81041,1252,81041,1252,44214,1177,44214,1177
79,columbia,mo,49473,951,49473,951,86499,1144,86499,1144,31683,882,31683,882
80,columbia,sc,55550,989,55550,989,71431,999,71431,999,37116,981,37116,981
81,columbus,ga--al,45208,833,45208,833,57547,790,57547,790,34350,852,34350,852
82,columbus,oh,63536,1083,63536,1083,87393,1247,87393,1247,41825,971,41825,971
83,concord,ca,130555,2386,130555,2386,158042,2652,158042,2652,86334,2048,86334,2048
84,concord,nc,53147,906,53147,906,70010,980,70010,980,34144,841,34144,841
85,conroe--the woodlands,tx,81187,1360,81187,1360,104024,1471,104024,1471,53177,1231,53177,1231
86,conway,ar,45466,846,45466,846,81031,1014,81031,1014,25992,786,25992,786
87,corpus christi,tx,58400,1040,58400,1040,75529,1061,75529,1061,40829,1027,40829,1027
88,corvallis,or,58001,1135,58001,1135,87567,1264,87567,1264,31410,1095,31410,1095
89,dallas--fort worth--arlington,tx,66558,1222,66558,1222,90721,1337,90721,1337,47882,1153,47882,1153
90,dalton,ga,44149,722,44149,722,53341,792,53341,792,35786,703,35786,703
91,danbury,ct--ny,82002,1603,82002,1603,101885,1826,101885,1826,42084,1343,42084,1343
92,daphne--fairhope,al,65070,1185,65070,1185,66928,1117,66928,1117,54498,1241,54498,1241
93,davenport,ia--il,53198,844,53198,844,68062,882,68062,882,32368,799,32368,799
94,davis,ca,65462,1698,65462,1698,141570,2062,141570,2062,35549,1592,35549,1592
95,dayton,oh,53974,854,53974,854,72015,925,72015,925,32523,788,32523,788
96,decatur,al,45643,698,45643,698,59656,674,59656,674,29997,714,29997,714
97,decatur,il,48708,717,48708,717,63421,722,63421,722,27874,713,27874,713
98,dekalb,il,58851,1026,58851,1026,87485,1333,87485,1333,30552,884,30552,884
99,deltona,fl,52085,994,52085,994,57321,932,57321,932,39393,1088,39393,1088
100,denton--lewisville,tx,85246,1420,85246,1420,119689,1728,119689,1728,51321,1200,51321,1200
101,denver--aurora,co,76959,1464,76959,1464,99737,1561,99737,1561,51305,1389,51305,1389
102,des moines,ia,69337,1047,69337,1047,85171,1166,85171,1166,43351,900,43351,900
103,detroit,mi,58474,956,58474,956,74081,985,74081,985,34815,927,34815,927
104,dothan,al,46919,758,46919,758,65980,800,65980,800,31304,739,31304,739
105,dover,de,52548,1036,52548,1036,65037,1070,65037,1070,31877,1001,31877,1001
106,dover--rochester,nh--me,68612,1211,68612,1211,86198,1433,86198,1433,43189,1014,43189,1014
107,dubuque,ia--il,55941,801,55941,801,66176,864,66176,864,33539,726,33539,726
108,duluth,mn--wi,47003,837,47003,837,66038,880,66038,880,30956,788,30956,788
109,durham,nc,57958,1119,57958,1119,86822,1218,86822,1218,37062,1065,37062,1065
110,eau claire,wi,57768,917,57768,917,72724,1014,72724,1014,36123,822,36123,822
111,el centro--calexico,ca,54436,1047,54436,1047,74151,1194,74151,1194,27197,837,27197,837
112,elizabethtown--radcliff,ky,47612,846,47612,846,58133,913,58133,913,40327,817,40327,817
113,elkhart,in--mi,53461,813,53461,813,62596,835,62596,835,34591,786,34591,786
114,elmira,ny,50778,777,50778,777,65468,754,65468,754,27688,789,27688,789
115,el paso,tx--nm,41735,771,41735,771,51593,758,51593,758,28621,778,28621,778
116,el paso de robles (paso robles)--atascadero,ca,70273,1432,70273,1432,93054,1719,93054,1719,48372,1301,48372,1301
117,erie,pa,45059,786,45059,786,61942,802,61942,802,27761,770,27761,770
118,eugene,or,51992,1080,51992,1080,72437,1185,72437,1185,35943,1011,35943,1011
119,evansville,in--ky,51477,806,51477,806,66505,862,66505,862,31174,767,31174,767
120,fairbanks,ak,73694,1244,73694,1244,100034,1305,100034,1305,52661,1214,52661,1214
121,fairfield,ca,81908,1722,81908,1722,102834,1809,102834,1809,60047,1620,60047,1620
122,fajardo,pr,20091,413,20091,413,24321,303,24321,303,12852,522,12852,522
123,fargo,nd--mn,59606,914,59606,914,90346,1185,90346,1185,37249,827,37249,827
124,fayetteville,nc,46168,958,46168,958,64959,995,64959,995,34838,936,34838,936
125,fayetteville--springdale--rogers,ar--mo,56434,910,56434,910,81103,996,81103,996,37181,857,37181,857
126,flagstaff,az,61620,1309,61620,1309,97788,1322,97788,1322,38946,1304,38946,1304
127,flint,mi,44026,761,44026,761,58113,779,58113,779,27938,747,27938,747
128,florence,al,43699,661,43699,661,61006,686,61006,686,26527,658,26527,658
129,florence,sc,44802,759,44802,759,61642,758,61642,758,23516,759,23516,759
130,florida--imbéry--barceloneta,pr,20160,350,20160,350,24454,265,24454,265,12164,519,12164,519
131,fort collins,co,69859,1361,69859,1361,92482,1380,92482,1380,51174,1346,51174,1346
132,fort smith,ar--ok,45722,693,45722,693,60735,716,60735,716,29880,680,29880,680
133,fort walton beach--navarre--wright,fl,69598,1245,69598,1245,87634,1269,87634,1269,45779,1220,45779,1220
134,fort wayne,in,52649,775,52649,775,66442,783,66442,783,32001,767,32001,767
135,four corners,fl,55959,1187,55959,1187,57664,1002,57664,1002,46949,1416,46949,1416
136,frederick,md,94098,1623,94098,1623,115836,1759,115836,1759,52004,1467,52004,1467
137,fredericksburg,va,89276,1514,89276,1514,110034,1589,110034,1589,55202,1418,55202,1418
138,fresno,ca,54926,1131,54926,1131,82022,1334,82022,1334,35384,1033,35384,1033
139,gainesville,fl,48171,993,48171,993,71009,909,71009,909,31629,1049,31629,1049
140,gainesville,ga,60335,996,60335,996,74867,1012,74867,1012,38107,979,38107,979
141,gastonia,nc--sc,53240,877,53240,877,68151,904,68151,904,33440,865,33440,865
142,gilroy--morgan hill,ca,118603,2349,118603,2349,141368,2721,141368,2721,82109,1962,82109,1962
143,grand forks,nd--mn,51312,892,51312,892,85738,1117,85738,1117,30773,816,30773,816
144,grand junction,co,48350,904,48350,904,63016,959,63016,959,33682,860,33682,860
145,grand rapids,mi,60034,940,60034,940,76634,985,76634,985,37151,895,37151,895
146,great falls,mt,48021,847,48021,847,62871,947,62871,947,34041,801,34041,801
147,greeley,co,59196,1073,59196,1073,72271,1121,72271,1121,39792,999,39792,999
148,green bay,wi,59304,850,59304,850,76605,954,76605,954,37949,797,37949,797
149,greensboro,nc,49754,904,49754,904,74000,961,74000,961,33894,870,33894,870
150,greenville,nc,43193,863,43193,863,72171,1085,72171,1085,30363,721,30363,721
151,greenville,sc,54231,871,54231,871,65830,832,65830,832,36838,899,36838,899
152,guayama,pr,16573,258,16573,258,19989,233,19989,233,9951,397,9951,397
153,gulfport,ms,44796,843,44796,843,65548,821,65548,821,29972,852,29972,852
154,hagerstown,md--wv--pa,56966,964,56966,964,67473,982,67473,982,37306,944,37306,944
155,hammond,la,45756,815,45756,815,58494,816,58494,816,21847,815,21847,815
156,hanford,ca,64835,1197,64835,1197,75115,1258,75115,1258,53797,1147,53797,1147
157,hanover,pa,56265,1004,56265,1004,71479,1150,71479,1150,32750,886,32750,886
158,harlingen,tx,38430,582,38430,582,47698,500,47698,500,24293,723,24293,723
159,harrisburg,pa,63756,1031,63756,1031,81395,1115,81395,1115,41133,952,41133,952
160,harrisonburg,va,45495,880,45495,880,68514,863,68514,863,30896,886,30896,886
161,hartford,ct,72195,1306,72195,1306,100608,1547,100608,1547,36872,1098,36872,1098
162,hattiesburg,ms,42015,806,42015,806,70070,789,70070,789,23918,815,23918,815
163,hemet,ca,45378,1079,45378,1079,50023,989,50023,989,34658,1153,34658,1153
164,hickory,nc,46585,698,46585,698,58284,731,58284,731,29362,666,29362,666
165,high point,nc,45678,840,45678,840,63398,882,63398,882,32414,807,32414,807
166,hilton head island,sc,73643,1413,73643,1413,83129,1344,83129,1344,48382,1488,48382,1488
167,holland,mi,67275,875,67275,875,73241,865,73241,865,40893,886,40893,886
168,homosassa springs--beverly hills--citrus springs,fl,37909,638,37909,638,39860,542,39860,542,27430,903,27430,903
169,houma,la,51990,773,51990,773,65210,687,65210,687,32142,847,32142,847
170,houston,tx,63338,1165,63338,1165,87851,1279,87851,1279,42278,1090,42278,1090
171,huntington,wv--ky--oh,45458,720,45458,720,55131,688,55131,688,25579,744,25579,744
172,huntsville,al,64248,928,64248,928,88739,1044,88739,1044,34185,844,34185,844
173,idaho falls,id,55448,878,55448,878,69109,961,69109,961,36951,811,36951,811
174,indianapolis,in,60985,997,60985,997,81317,1075,81317,1075,37178,927,37178,927
175,indio--cathedral city,ca,49548,1253,49548,1253,62472,1371,62472,1371,31139,1124,31139,1124
176,iowa city,ia,57134,1045,57134,1045,88052,1185,88052,1185,32910,976,32910,976
177,jackson,mi,38802,737,38802,737,52971,688,52971,688,27770,795,27770,795
178,jackson,ms,58255,942,58255,942,72788,976,72788,976,37987,914,37987,914
179,jackson,tn,40608,806,40608,806,60371,834,60371,834,25906,782,25906,782
180,jacksonville,fl,59359,1089,59359,1089,74598,1086,74598,1086,41858,1091,41858,1091
181,jacksonville,nc,48153,996,48153,996,61575,928,61575,928,39663,1014,39663,1014
182,janesville,wi,58896,947,58896,947,77150,1011,77150,1011,41583,903,41583,903
183,johnson city,tn,45404,716,45404,716,58588,680,58588,680,28433,731,28433,731
184,jonesboro,ar,43621,725,43621,725,62856,736,62856,736,22746,723,22746,723
185,joplin,mo,47904,774,47904,774,58323,742,58323,742,31895,803,31895,803
186,juana díaz,pr,19580,252,19580,252,23818,200,23818,200,12240,620,12240,620
187,kahului,hi,94899,1730,94899,1730,101250,1843,101250,1843,75239,1684,75239,1684
188,kailua (honolulu county)--kaneohe,hi,101055,2183,101055,2183,117880,1970,117880,1970,68750,2522,68750,2522
189,kalamazoo,mi,52007,852,52007,852,70398,905,70398,905,34558,821,34558,821
190,kankakee,il,48020,963,48020,963,62165,1058,62165,1058,29866,872,29866,872
191,kansas city,mo--ks,63705,1057,63705,1057,84208,1147,84208,1147,41025,979,41025,979
192,kennewick--pasco,wa,62903,1026,62903,1026,80031,1118,80031,1118,38130,953,38130,953
193,kenosha,wi--il,61529,962,61529,962,76323,1061,76323,1061,37491,886,37491,886
194,killeen,tx,51522,951,51522,951,68054,1024,68054,1024,40696,914,40696,914
195,kingsport,tn--va,42402,628,42402,628,56226,643,56226,643,23834,612,23834,612
196,kissimmee,fl,52342,1197,52342,1197,64011,1080,64011,1080,41862,1325,41862,1325
197,knoxville,tn,55025,881,55025,881,70965,915,70965,915,33049,851,33049,851
198,la crosse,wi--mn,56407,907,56407,907,79730,978,79730,978,35460,867,35460,867
199,lady lake--the villages,fl,50209,598,50209,598,51250,550,51250,550,42274,982,42274,982
200,lafayette,in,47623,849,47623,849,72591,869,72591,869,30045,842,30045,842
201,lafayette,la,54448,833,54448,833,66175,801,66175,801,31694,853,31694,853
202,lafayette--louisville--erie,co,110637,1857,110637,1857,130899,2006,130899,2006,85894,1631,85894,1631
203,lake charles,la,44709,725,44709,725,54606,641,54606,641,31933,813,31933,813
204,lake jackson--angleton,tx,64735,1065,64735,1065,87753,1006,87753,1006,40770,1106,40770,1106
205,lakeland,fl,52724,884,52724,884,61098,805,61098,805,39961,945,39961,945
206,lancaster,pa,66180,1070,66180,1070,82246,1154,82246,1154,41908,987,41908,987
207,lancaster--palmdale,ca,61848,1395,61848,1395,76928,1535,76928,1535,36932,1253,36932,1253
208,lansing,mi,53524,923,53524,923,74234,1000,74234,1000,30509,873,30509,873
209,laredo,tx,46655,855,46655,855,56239,845,56239,845,31869,861,31869,861
210,las cruces,nm,35706,688,35706,688,56627,650,56627,650,23523,706,23523,706
211,las vegas--henderson,nv,56866,1171,56866,1171,76991,1241,76991,1241,41269,1134,41269,1134
212,lawrence,ks,50751,1046,50751,1046,72764,1227,72764,1227,32035,960,32035,960
213,lawton,ok,48088,787,48088,787,62521,769,62521,769,37658,801,37658,801
214,lebanon,pa,57612,871,57612,871,68000,876,68000,876,37592,864,37592,864
215,leesburg--eustis--tavares,fl,46251,750,46251,750,51516,660,51516,660,30244,881,30244,881
216,lee's summit,mo,84731,1203,84731,1203,97327,1295,97327,1295,49293,1024,49293,1024
217,leominster--fitchburg,ma,57408,1104,57408,1104,81767,1324,81767,1324,37091,947,37091,947
218,lexington-fayette,ky,54374,964,54374,964,82319,1034,82319,1034,36995,914,36995,914
219,lima,oh,41375,693,41375,693,54979,703,54979,703,30949,688,30949,688
220,lincoln,ne,54853,939,54853,939,79297,1061,79297,1061,39935,836,39935,836
221,little rock,ar,49802,875,49802,875,68752,928,68752,928,33895,841,33895,841
222,livermore,ca,135351,2415,135351,2415,150971,2574,150971,2574,79893,2210,79893,2210
223,lodi,ca,60050,1245,60050,1245,84310,1152,84310,1152,44000,1273,44000,1273
224,logan,ut,56299,876,56299,876,76300,1019,76300,1019,32176,800,32176,800
225,longmont,co,78155,1396,78155,1396,93971,1368,93971,1368,56187,1424,56187,1424
226,longview,tx,49591,814,49591,814,62118,799,62118,799,36552,820,36552,820
227,longview,wa--or,49826,854,49826,854,66157,899,66157,899,35053,793,35053,793
228,lorain--elyria,oh,46694,756,46694,756,60331,791,60331,791,28945,734,28945,734
229,los angeles--long beach--anaheim,ca,71153,1676,71153,1676,100993,2015,100993,2015,52220,1549,52220,1549
230,louisville/jefferson county,ky--in,56867,933,56867,933,73414,999,73414,999,34975,863,34975,863
231,lubbock,tx,48966,953,48966,953,77876,983,77876,983,29582,931,29582,931
232,lynchburg,va,48928,791,48928,791,68187,794,68187,794,28506,788,28506,788
233,mcallen,tx,38901,643,38901,643,48562,583,48562,583,24881,705,24881,705
234,mckinney,tx,100203,1744,100203,1744,121387,1908,121387,1908,56426,1395,56426,1395
235,macon,ga,35612,770,35612,770,55331,723,55331,723,25391,788,25391,788
236,madera,ca,50451,1006,50451,1006,73199,1016,73199,1016,37692,1003,37692,1003
237,madison,wi,68929,1236,68929,1236,99392,1488,99392,1488,45624,1106,45624,1106
238,manchester,nh,66726,1302,66726,1302,92555,1521,92555,1521,43022,1119,43022,1119
239,mandeville--covington,la,83143,1268,83143,1268,99971,1327,99971,1327,38738,1186,38738,1186
240,mansfield,oh,41265,644,41265,644,51202,646,51202,646,23447,639,23447,639
241,manteca,ca,70279,1631,70279,1631,90870,1784,90870,1784,50916,1467,50916,1467
242,marysville,wa,82267,1581,82267,1581,98063,1692,98063,1692,53649,1381,53649,1381
243,mauldin--simpsonville,sc,77571,1073,77571,1073,85858,1089,85858,1089,53739,1032,53739,1032
244,mayagüez,pr,13385,248,13385,248,21568,193,21568,193,5345,413,5345,413
245,medford,or,52788,1000,52788,1000,66342,1048,66342,1048,33875,975,33875,975
246,memphis,tn--ms--ar,48629,952,48629,952,69911,1021,69911,1021,30532,907,30532,907
247,merced,ca,54320,1054,54320,1054,75649,1142,75649,1142,35789,1006,35789,1006
248,miami,fl,56249,1320,56249,1320,71212,1261,71212,1261,41616,1363,41616,1363
249,michigan city--la porte,in--mi,42333,752,42333,752,57171,793,57171,793,25390,720,25390,720
250,middletown,oh,48061,820,48061,820,65612,877,65612,877,30998,757,30998,757
251,midland,tx,80687,1099,80687,1099,91820,957,91820,957,60154,1238,60154,1238
252,milwaukee,wi,58111,1006,58111,1006,82721,1205,82721,1205,34988,884,34988,884
253,minneapolis--st. paul,mn--wi,77580,1271,77580,1271,100053,1408,100053,1408,43779,1111,43779,1111
254,mission viejo--lake forest--san clemente,ca,109915,2282,109915,2282,130622,2381,130622,2381,75855,2183,75855,2183
255,missoula,mt,53999,886,53999,886,78889,1113,78889,1113,34723,857,34723,857
256,mobile,al,41727,814,41727,814,58542,791,58542,791,27800,830,27800,830
257,modesto,ca,60934,1215,60934,1215,76143,1288,76143,1288,42136,1168,42136,1168
258,monroe,la,38081,728,38081,728,51565,674,51565,674,26389,756,26389,756
259,montgomery,al,50965,881,50965,881,68979,853,68979,853,32007,901,32007,901
260,morgantown,wv,48410,868,48410,868,78846,914,78846,914,28892,849,28892,849
261,morristown,tn,41913,748,41913,748,57714,747,57714,747,28984,738,28984,738
262,mount vernon,wa,63339,1195,63339,1195,77275,1317,77275,1317,42454,1094,42454,1094
263,muncie,in,36358,721,36358,721,53556,694,53556,694,21663,752,21663,752
264,murfreesboro,tn,55724,1107,55724,1107,80218,1200,80218,1200,44596,1059,44596,1059
265,murrieta--temecula--menifee,ca,85451,1841,85451,1841,98183,1964,98183,1964,61390,1705,61390,1705
266,muskegon,mi,50962,787,50962,787,61815,790,61815,790,28108,781,28108,781
267,myrtle beach--socastee,sc--nc,50138,887,50138,887,55783,827,55783,827,35802,950,35802,950
268,nampa,id,51207,864,51207,864,58136,863,58136,863,34604,866,34604,866
269,napa,ca,84377,1778,84377,1778,106097,1873,106097,1873,54440,1660,54440,1660
270,nashua,nh--ma,82022,1450,82022,1450,104423,1655,104423,1655,41340,1219,41340,1219
271,nashville-davidson,tn,66631,1180,66631,1180,86838,1223,86838,1223,45381,1140,45381,1140
272,newark,oh,52491,844,52491,844,73968,915,73968,915,25884,798,25884,798
273,new bedford,ma,57607,953,57607,953,84262,1366,84262,1366,38356,825,38356,825
274,new haven,ct,67476,1390,67476,1390,94185,1639,94185,1639,38544,1200,38544,1200
275,new orleans,la,47004,944,47004,944,66004,896,66004,896,30509,969,30509,969
276,new york--newark,ny--nj--ct,77830,1640,77830,1640,112795,2069,112795,2069,50909,1439,50909,1439
277,norman,ok,52560,876,52560,876,86614,1003,86614,1003,33447,839,33447,839
278,north port--port charlotte,fl,55312,838,55312,838,57776,749,57776,749,50543,1130,50543,1130
279,norwich--new london,ct--ri,62373,1222,62373,1222,86713,1427,86713,1427,43336,1096,43336,1096
280,ocala,fl,43963,773,43963,773,51565,667,51565,667,32437,902,32437,902
281,odessa,tx,62318,911,62318,911,80776,760,80776,760,43953,991,43953,991
282,ogden--layton,ut,76660,1142,76660,1142,87991,1222,87991,1222,45351,1002,45351,1002
283,oklahoma city,ok,54874,930,54874,930,70354,976,70354,976,40164,903,40164,903
284,olympia--lacey,wa,68457,1273,68457,1273,87120,1365,87120,1365,47362,1216,47362,1216
285,omaha,ne--ia,64880,1061,64880,1061,86516,1206,86516,1206,40124,925,40124,925
286,orlando,fl,59949,1210,59949,1210,76683,1212,76683,1212,42156,1209,42156,1209
287,oshkosh,wi,51634,833,51634,833,70352,931,70352,931,33406,723,33406,723
288,owensboro,ky,47333,800,47333,800,60948,881,60948,881,27306,770,27306,770
289,oxnard,ca,75527,1687,75527,1687,94917,1819,94917,1819,50720,1637,50720,1637
290,palm bay--melbourne,fl,59445,1007,59445,1007,69199,944,69199,944,37845,1095,37845,1095
291,palm coast--daytona beach--port orange,fl,50198,926,50198,926,57426,830,57426,830,35262,1030,35262,1030
292,panama city,fl,51531,1019,51531,1019,62905,968,62905,968,41175,1066,41175,1066
293,parkersburg,wv--oh,40760,707,40760,707,54108,631,54108,631,23677,736,23677,736
294,pensacola,fl--al,51839,929,51839,929,62895,868,62895,868,37721,976,37721,976
295,peoria,il,54185,827,54185,827,66895,876,66895,876,32990,780,32990,780
296,petaluma,ca,100511,2050,100511,2050,116072,2100,116072,2100,71733,1998,71733,1998
297,philadelphia,pa--nj--de--md,69579,1246,69579,1246,90155,1374,90155,1374,40745,1132,40745,1132
298,phoenix--mesa,az,63648,1137,63648,1137,79818,1163,79818,1163,45736,1117,45736,1117
299,pittsburgh,pa,60320,910,60320,910,77986,960,77986,960,33750,855,33750,855
300,pocatello,id,49055,780,49055,780,63017,897,63017,897,34484,696,34484,696
301,ponce,pr,18064,297,18064,297,23406,262,23406,262,10094,394,10094,394
302,port arthur,tx,51725,799,51725,799,61848,706,61848,706,31761,869,31761,869
303,porterville,ca,38157,912,38157,912,50153,975,50153,975,23188,861,23188,861
304,port huron,mi,50773,813,50773,813,60380,806,60380,806,27335,818,27335,818
305,portland,me,67451,1252,67451,1252,91774,1442,91774,1442,37873,1090,37873,1090
306,portland,or--wa,75816,1436,75816,1436,99286,1582,99286,1582,51371,1336,51371,1336
307,port st. lucie,fl,56164,1084,56164,1084,62988,978,62988,978,43770,1263,43770,1263
308,portsmouth,nh--me,79023,1362,79023,1362,101952,1541,101952,1541,49771,1221,49771,1221
309,pottstown,pa,75513,1227,75513,1227,96363,1390,96363,1390,42230,994,42230,994
310,poughkeepsie--newburgh,ny--nj,76076,1463,76076,1463,101508,1753,101508,1753,38660,1265,38660,1265
311,prescott valley--prescott,az,52567,879,52567,879,57204,903,57204,903,30485,865,30485,865
312,providence,ri--ma,62259,1196,62259,1196,86507,1504,86507,1504,35949,975,35949,975
313,provo--orem,ut,73946,1257,73946,1257,89412,1370,89412,1370,42412,1056,42412,1056
314,pueblo,co,45866,817,45866,817,62138,883,62138,883,26193,766,26193,766
315,racine,wi,51713,890,51713,890,74134,973,74134,973,27160,838,27160,838
316,raleigh,nc,78678,1231,78678,1231,101627,1317,101627,1317,50765,1165,50765,1165
317,rapid city,sd,52294,922,52294,922,69533,1021,69533,1021,30880,806,30880,806
318,reading,pa,57569,1042,57569,1042,76036,1149,76036,1149,31978,917,31978,917
319,redding,ca,53429,1109,53429,1109,70193,1160,70193,1160,34458,1077,34458,1077
320,reno,nv--ca,61593,1154,61593,1154,80602,1242,80602,1242,46130,1088,46130,1088
321,richmond,va,65747,1161,65747,1161,86744,1225,86744,1225,42599,1105,42599,1105
322,riverside--san bernardino,ca,69254,1459,69254,1459,86294,1586,86294,1586,45448,1331,45448,1331
323,roanoke,va,52705,887,52705,887,69298,872,69298,872,33286,900,33286,900
324,rochester,mn,69806,1122,69806,1122,92909,1206,92909,1206,38923,969,38923,969
325,rochester,ny,59016,999,59016,999,80585,1098,80585,1098,31124,920,31124,920
326,rockford,il,52408,854,52408,854,69348,910,69348,910,29812,783,29812,783
327,rock hill,sc,53955,979,53955,979,73456,956,73456,956,32643,994,32643,994
328,rocky mount,nc,45761,840,45761,840,60478,891,60478,891,36810,797,36810,797
329,round lake beach--mchenry--grayslake,il--wi,81690,1392,81690,1392,90976,1492,90976,1492,49347,1257,49347,1257
330,sacramento,ca,72589,1460,72589,1460,96888,1641,96888,1641,47102,1335,47102,1335
331,saginaw,mi,39835,670,39835,670,51887,612,51887,612,25335,756,25335,756
332,st. augustine,fl,55396,1048,55396,1048,65617,1079,65617,1079,36990,997,36990,997
333,st. cloud,mn,52488,882,52488,882,72908,999,72908,999,32757,821,32757,821
334,st. george,ut,54445,1006,54445,1006,67398,1064,67398,1064,39314,978,39314,978
335,st. joseph,mo--ks,50613,740,50613,740,66104,734,66104,734,29444,752,29444,752
336,st. louis,mo--il,62184,1003,62184,1003,81677,1109,81677,1109,36731,912,36731,912
337,salem,or,54780,1095,54780,1095,74861,1241,74861,1241,38342,1016,38342,1016
338,salinas,ca,65722,1489,65722,1489,86664,1597,86664,1597,52727,1441,52727,1441
339,salisbury,md--de,54247,974,54247,974,71230,959,71230,959,33909,983,33909,983
340,salt lake city--west valley city,ut,73026,1249,73026,1249,92297,1350,92297,1350,48633,1138,48633,1138
341,san angelo,tx,51923,837,51923,837,61203,777,61203,777,39816,874,39816,874
342,san antonio,tx,55626,1043,55626,1043,75238,1084,75238,1084,36596,1006,36596,1006
343,san diego,ca,78104,1783,78104,1783,104616,2051,104616,2051,55306,1668,55306,1668
344,san francisco--oakland,ca,105109,2120,105109,2120,138009,2435,138009,2435,79148,1935,79148,1935
345,san germán--cabo rojo--sabana grande,pr,16699,245,16699,245,20320,192,20320,192,11274,466,11274,466
346,san jose,ca,127210,2423,127210,2423,157447,2616,157447,2616,95487,2320,95487,2320
347,san juan,pr,23225,454,23225,454,30253,385,30253,385,12797,531,12797,531
348,san marcos,tx,38881,1120,38881,1120,76491,1256,76491,1256,28622,1093,28622,1093
349,santa barbara,ca,80514,1853,80514,1853,123846,2135,123846,2135,53887,1793,53887,1793
350,santa clarita,ca,106050,2172,106050,2172,122686,2324,122686,2324,61032,1899,61032,1899
351,santa cruz,ca,96129,2005,96129,2005,126429,2139,126429,2139,59382,1895,59382,1895
352,santa fe,nm,58619,1057,58619,1057,63813,975,63813,975,44516,1114,44516,1114
353,santa maria,ca,75937,1580,75937,1580,92395,1613,92395,1613,61520,1556,61520,1556
354,santa rosa,ca,80009,1721,80009,1721,99062,1807,99062,1807,55602,1658,55602,1658
355,sarasota--bradenton,fl,57908,1025,57908,1025,63282,895,63282,895,45405,1256,45405,1256
356,saratoga springs,ny,80967,1386,80967,1386,95844,1434,95844,1434,66337,1330,66337,1330
357,savannah,ga,54996,1092,54996,1092,79282,1138,79282,1138,36732,1062,36732,1062
358,scranton,pa,50920,789,50920,789,65985,801,65985,801,31503,772,31503,772
359,seaside--monterey,ca,80351,1695,80351,1695,111870,1690,111870,1690,60958,1728,60958,1728
360,seattle,wa,87649,1686,87649,1686,112697,1855,112697,1855,61322,1573,61322,1573
361,sebastian--vero beach south--florida ridge,fl,54992,823,54992,823,60632,764,60632,764,34198,961,34198,961
362,sebring--avon park,fl,34730,615,34730,615,43058,547,43058,547,25295,777,25295,777
363,sheboygan,wi,57433,763,57433,763,70031,791,70031,791,36745,724,36745,724
364,sherman,tx,45264,811,45264,811,54692,705,54692,705,28699,879,28699,879
365,shreveport,la,41063,818,41063,818,59255,793,59255,793,26716,832,26716,832
366,simi valley,ca,91818,2083,91818,2083,108902,2169,108902,2169,54877,1913,54877,1913
367,sioux city,ia--ne--sd,61225,821,61225,821,80780,807,80780,807,36073,831,36073,831
368,sioux falls,sd,57252,925,57252,925,81107,1118,81107,1118,33730,804,33730,804
369,slidell,la,54002,1032,54002,1032,62095,1014,62095,1014,31750,1066,31750,1066
370,south bend,in--mi,51445,772,51445,772,65441,763,65441,763,33301,784,33301,784
371,south lyon--howell,mi,77233,1193,77233,1193,87455,1264,87455,1264,44102,1036,44102,1036
372,spartanburg,sc,52509,811,52509,811,66501,813,66501,813,33562,810,33562,810
373,spokane,wa,57333,1008,57333,1008,71994,1095,71994,1095,36808,934,36808,934
374,springfield,il,56379,868,56379,868,77519,893,77519,893,28432,843,28432,843
375,springfield,ma--ct,57474,1099,57474,1099,81821,1271,81821,1271,30739,942,30739,942
376,springfield,mo,42509,770,42509,770,59820,811,59820,811,28910,748,28910,748
377,springfield,oh,44815,691,44815,691,57233,694,57233,694,36387,690,36387,690
378,spring hill,fl,46056,796,46056,796,51253,665,51253,665,35435,988,35435,988
379,state college,pa,48813,1015,48813,1015,97278,1228,97278,1228,21458,943,21458,943
380,stockton,ca,55061,1191,55061,1191,71023,1265,71023,1265,41480,1155,41480,1155
381,sumter,sc,44366,807,44366,807,53669,809,53669,809,31539,804,31539,804
382,syracuse,ny,56955,928,56955,928,80822,1048,80822,1048,31807,843,31807,843
383,tallahassee,fl,49131,997,49131,997,77275,1033,77275,1033,31428,976,31428,976
384,tampa--st. petersburg,fl,55597,1082,55597,1082,68857,1010,68857,1010,40587,1141,40587,1141
385,temple,tx,54543,927,54543,927,70419,984,70419,984,39652,891,39652,891
386,terre haute,in,42447,723,42447,723,58225,705,58225,705,30080,731,30080,731
387,texarkana--texarkana,tx--ar,42005,705,42005,705,60163,639,60163,639,26211,734,26211,734
388,texas city,tx,59416,919,59416,919,67839,766,67839,766,45339,1025,45339,1025
389,thousand oaks,ca,112088,2295,112088,2295,132194,2361,132194,2361,77776,2195,77776,2195
390,toledo,oh--mi,50164,809,50164,809,68455,881,68455,881,29951,756,29951,756
391,topeka,ks,48290,863,48290,863,66874,886,66874,886,32171,846,32171,846
392,tracy,ca,96894,1933,96894,1933,111784,2135,111784,2135,71454,1686,71454,1686
393,trenton,nj,72298,1349,72298,1349,96622,1552,96622,1552,41869,1182,41869,1182
394,tucson,az,50979,893,50979,893,66583,915,66583,915,35827,879,35827,879
395,tulsa,ok,55681,908,55681,908,76064,997,76064,997,37165,858,37165,858
396,turlock,ca,60078,1215,60078,1215,75407,1324,75407,1324,43046,1132,43046,1132
397,tuscaloosa,al,50124,900,50124,900,76725,1019,76725,1019,30268,847,30268,847
398,twin rivers--hightstown,nj,114376,1992,114376,1992,160431,2324,160431,2324,66761,1688,66761,1688
399,tyler,tx,54783,875,54783,875,66887,821,66887,821,45826,923,45826,923
400,urban honolulu,hi,82692,1738,82692,1738,109238,1845,109238,1845,59530,1678,59530,1678
401,utica,ny,47619,818,47619,818,65918,869,65918,869,30097,751,30097,751
402,vacaville,ca,91333,1884,91333,1884,101786,2012,101786,2012,70759,1757,70759,1757
403,valdosta,ga,31674,792,31674,792,64291,869,64291,869,23482,770,23482,770
404,vallejo,ca,83091,1757,83091,1757,103465,1861,103465,1861,56279,1605,56279,1605
405,victoria,tx,48210,883,48210,883,69812,905,69812,905,21755,872,21755,872
406,victorville--hesperia,ca,53525,1220,53525,1220,70051,1261,70051,1261,32501,1164,32501,1164
407,vineland,nj,52470,1120,52470,1120,70066,1158,70066,1158,23888,1076,23888,1076
408,virginia beach,va,64013,1254,64013,1254,83990,1394,83990,1394,42458,1147,42458,1147
409,visalia,ca,57345,1142,57345,1142,69873,1292,69873,1292,41150,1012,41150,1012
410,waco,tx,42802,884,42802,884,61260,893,61260,893,29127,879,29127,879
411,waldorf,md,91325,1729,91325,1729,110506,1745,110506,1745,55181,1671,55181,1671
412,warner robins,ga,53762,905,53762,905,76416,912,76416,912,43949,897,43949,897
413,washington,dc--va--md,103474,1857,103474,1857,133865,2069,133865,2069,67147,1703,67147,1703
414,waterbury,ct,58401,1157,58401,1157,84974,1412,84974,1412,32782,984,32782,984
415,waterloo,ia,49005,804,49005,804,63929,848,63929,848,28341,774,28341,774
416,watsonville,ca,57446,1459,57446,1459,87458,1763,87458,1763,45973,1386,45973,1386
417,wausau,wi,57496,819,57496,819,71631,916,71631,916,37218,755,37218,755
418,weirton--steubenville,wv--oh--pa,41419,591,41419,591,52463,572,52463,572,22921,627,22921,627
419,wenatchee,wa,65566,1098,65566,1098,78069,1254,78069,1254,44182,949,44182,949
420,west bend,wi,62146,1006,62146,1006,75049,1143,75049,1143,43157,868,43157,868
421,westminster--eldersburg,md,91832,1440,91832,1440,108692,1590,108692,1590,29165,1118,29165,1118
422,wheeling,wv--oh,45710,581,45710,581,55611,529,55611,529,31734,647,31734,647
423,wichita,ks,55424,855,55424,855,72218,953,72218,953,33690,786,33690,786
424,wichita falls,tx,47451,790,47451,790,66798,803,66798,803,28802,774,28802,774
425,williamsburg,va,84074,1367,84074,1367,96297,1390,96297,1390,49138,1331,49138,1331
426,wilmington,nc,52973,1091,52973,1091,72489,1114,72489,1114,36500,1066,36500,1066
427,winchester,va,62490,1138,62490,1138,77557,1192,77557,1192,45807,1108,45807,1108
428,winston-salem,nc,47694,819,47694,819,65798,897,65798,897,30987,775,30987,775
429,winter haven,fl,48813,812,48813,812,54219,738,54219,738,37204,913,37204,913
430,worcester,ma--ct,65756,1279,65756,1279,95487,1564,95487,1564,39337,1083,39337,1083
431,yakima,wa,50803,938,50803,938,65409,1091,65409,1091,35305,822,35305,822
432,yauco,pr,16997,195,16997,195,19968,179,19968,179,10483,405,10483,405
433,york,pa,59380,1059,59380,1059,73932,1106,73932,1106,38100,1000,38100,1000
434,youngstown,oh--pa,42983,658,42983,658,58753,669,58753,669,23920,650,23920,650
435,yuba city,ca,51367,1009,51367,1009,71533,1198,71533,1198,36506,897,36506,897
436,yuma,az--ca,44587,822,44587,822,55355,702,55355,702,36071,911,36071,911
437,zephyrhills,fl,38587,621,38587,621,39866,478,39866,478,35362,865,35362,865
