,City,State,Median household income (dollars),Monthly cost,Percent occupied income,Percent Occupied cost,Owner occupied income,Owner occupied cost,Percent owner occupied income,Percent owner occupied house cost,renter occupied income,renter occupied cost,percent renter occupied income,percent renter occupied monthly costs
0,aberdeen--bel air south--bel air north,md,90166,1388,90166,1388,103767,1463,103767,1463,52866,1285,52866,1285
1,abilene,tx,51913,864,51913,864,69349,820,69349,820,36183,882,36183,882
2,aguadilla--isabela--san sebastián,pr,16582,193,16582,193,20611,172,20611,172,9248,412,9248,412
3,akron,oh,51928,834,51928,834,67171,866,67171,866,31352,809,31352,809
4,albany,ga,38440,799,38440,799,56250,844,56250,844,21425,777,21425,777
5,albany,or,70636,1143,70636,1143,88927,1282,88927,1282,46533,1044,46533,1044
6,albany--schenectady,ny,69713,1121,69713,1121,97706,1292,97706,1292,43027,1022,43027,1022
7,albuquerque,nm,57603,978,57603,978,71483,1037,71483,1037,38258,917,38258,917
8,alexandria,la,45180,814,45180,814,57644,730,57644,730,35826,839,35826,839
9,allentown,pa--nj,67895,1176,67895,1176,87374,1259,87374,1259,39182,1102,39182,1102
10,alton,il--mo,55422,795,55422,795,64198,797,64198,797,28775,791,28775,791
11,altoona,pa,46981,738,46981,738,62113,746,62113,746,29103,722,29103,722
12,amarillo,tx,49735,862,49735,862,66512,904,66512,904,32821,831,32821,831
13,ames,ia,49226,948,49226,948,82407,1070,82407,1070,32415,927,32415,927
14,anchorage,ak,80270,1403,80270,1403,106725,1618,106725,1618,49448,1207,49448,1207
15,anderson,in,52366,751,52366,751,63363,687,63363,687,32767,824,32767,824
16,anderson,sc,49098,758,49098,758,63438,685,63438,685,28980,819,28980,819
17,ann arbor,mi,69999,1189,69999,1189,96728,1327,96728,1327,45225,1115,45225,1115
18,anniston--oxford,al,41957,735,41957,735,56260,666,56260,666,28855,775,28855,775
19,antioch,ca,86057,1939,86057,1939,108942,2032,108942,2032,57402,1807,57402,1807
20,appleton,wi,61590,920,61590,920,77171,1045,77171,1045,37138,817,37138,817
21,arecibo,pr,19210,288,19210,288,22522,204,22522,204,11561,440,11561,440
22,asheville,nc,53283,972,53283,972,69502,933,69502,933,36753,1008,36753,1008
23,athens-clarke county,ga,44152,922,44152,922,81788,1058,81788,1058,30334,855,30334,855
24,atlanta,ga,72495,1285,72495,1285,95309,1331,95309,1331,48001,1245,48001,1245
25,atlantic city,nj,62886,1335,62886,1335,85862,1520,85862,1520,34751,1122,34751,1122
26,auburn,al,38722,744,38722,744,62273,778,62273,778,23025,734,23025,734
27,augusta-richmond county,ga--sc,56299,925,56299,925,72896,904,72896,904,33296,941,33296,941
28,austin,tx,80941,1470,80941,1470,111518,1675,111518,1675,56689,1352,56689,1352
29,avondale--goodyear,az,78920,1395,78920,1395,86467,1386,86467,1386,65433,1407,65433,1407
30,bakersfield,ca,54215,1127,54215,1127,81058,1306,81058,1306,36395,983,36395,983
31,baltimore,md,78589,1417,78589,1417,102021,1513,102021,1513,49399,1333,49399,1333
32,barnstable town,ma,82412,1519,82412,1519,96183,1560,96183,1560,47677,1370,47677,1370
33,baton rouge,la,61472,942,61472,942,84526,982,84526,982,34538,921,34538,921
34,battle creek,mi,43532,738,43532,738,60935,681,60935,681,30475,781,30475,781
35,bay city,mi,47310,677,47310,677,55631,657,55631,657,30982,711,30982,711
36,beaumont,tx,58119,856,58119,856,73901,794,73901,794,40175,892,40175,892
37,bellingham,wa,64413,1255,64413,1255,88332,1402,88332,1402,42460,1174,42460,1174
38,bend,or,69280,1491,69280,1491,80829,1481,80829,1481,51524,1501,51524,1501
39,billings,mt,58998,932,58998,932,71536,1047,71536,1047,38778,844,38778,844
40,binghamton,ny--pa,46894,815,46894,815,70106,895,70106,895,24583,777,24583,777
41,birmingham,al,58251,986,58251,986,75630,1034,75630,1034,32513,940,32513,940
42,bismarck,nd,61919,888,61919,888,89441,1062,89441,1062,35456,854,35456,854
43,blacksburg,va,51662,997,51662,997,81186,1046,81186,1046,34567,976,34567,976
44,bloomington,in,48797,940,48797,940,81416,928,81416,928,24743,944,24743,944
45,bloomington--normal,il,63418,920,63418,920,91184,1043,91184,1043,33093,810,33093,810
46,boise city,id,68887,1152,68887,1152,86839,1199,86839,1199,45337,1097,45337,1097
47,bonita springs,fl,77775,1282,77775,1282,87781,1181,87781,1181,50982,1444,50982,1444
48,boston,ma--nh--ri,93988,1794,93988,1794,124395,2035,124395,2035,56417,1595,56417,1595
49,boulder,co,79272,1595,79272,1595,118328,1484,118328,1484,50274,1659,50274,1659
50,bowling green,ky,49644,815,49644,815,80480,986,80480,986,32975,759,32975,759
51,bremerton,wa,77345,1507,77345,1507,96739,1564,96739,1564,51983,1425,51983,1425
52,bridgeport--stamford,ct--ny,94317,1833,94317,1833,125760,2142,125760,2142,55544,1485,55544,1485
53,bristol--bristol,tn--va,44993,693,44993,693,59468,752,59468,752,26329,638,26329,638
54,brownsville,tx,40566,688,40566,688,53925,591,53925,591,29270,801,29270,801
55,buffalo,ny,57875,885,57875,885,78228,941,78228,941,32706,837,32706,837
56,burlington,nc,56800,809,56800,809,70946,800,70946,800,36463,818,36463,818
57,burlington,vt,68819,1419,68819,1419,104931,1648,104931,1648,36969,1277,36969,1277
58,camarillo,ca,91934,2035,91934,2035,106019,2022,106019,2022,71250,2050,71250,2050
59,canton,oh,51851,771,51851,771,65522,818,65522,818,32906,736,32906,736
60,cape coral,fl,59500,1055,59500,1055,67794,946,67794,946,44659,1210,44659,1210
61,carbondale,il,40347,704,40347,704,77467,793,77467,793,20711,674,20711,674
62,casper,wy,57734,863,57734,863,66285,1016,66285,1016,32784,747,32784,747
63,cedar rapids,ia,61184,930,61184,930,77026,1016,77026,1016,32168,774,32168,774
64,champaign,il,49310,954,49310,954,78808,1016,78808,1016,31750,936,31750,936
65,charleston,wv,48987,657,48987,657,58965,591,58965,591,31859,718,31859,718
66,charleston--north charleston,sc,71003,1240,71003,1240,89241,1269,89241,1269,48393,1212,48393,1212
67,charlotte,nc--sc,72998,1244,72998,1244,94088,1323,94088,1323,49341,1186,49341,1186
68,charlottesville,va,65601,1261,65601,1261,103720,1364,103720,1364,46549,1211,46549,1211
69,chattanooga,tn--ga,55223,881,55223,881,74878,888,74878,888,36036,876,36036,876
70,cheyenne,wy,64388,1009,64388,1009,81015,1196,81015,1196,30786,828,30786,828
71,chicago,il--in,75158,1311,75158,1311,97307,1476,97307,1476,45217,1149,45217,1149
72,chico,ca,62055,1182,62055,1182,89335,1301,89335,1301,39843,1127,39843,1127
73,cincinnati,oh--ky--in,66314,999,66314,999,91453,1140,91453,1140,37629,862,37629,862
74,clarksville,tn--ky,52004,967,52004,967,70308,1015,70308,1015,40523,943,40523,943
75,cleveland,oh,57500,920,57500,920,77102,1018,77102,1018,34312,830,34312,830
76,cleveland,tn,51824,815,51824,815,74657,878,74657,878,28739,777,28739,777
77,coeur d'alene,id,59037,1035,59037,1035,67466,1083,67466,1083,39534,967,39534,967
78,college station--bryan,tx,49987,999,49987,999,82621,1148,82621,1148,33853,963,33853,963
79,colorado springs,co,69908,1306,69908,1306,86483,1362,86483,1362,48687,1246,48687,1246
80,columbia,mo,53023,978,53023,978,87621,1086,87621,1086,31759,898,31759,898
81,columbia,sc,56501,993,56501,993,78061,1031,78061,1031,35863,958,35863,958
82,columbus,ga--al,46827,857,46827,857,60135,819,60135,819,35106,876,35106,876
83,columbus,oh,68300,1116,68300,1116,95641,1285,95641,1285,45139,1002,45139,1002
84,concord,ca,136653,2448,136653,2448,162411,2682,162411,2682,93331,2241,93331,2241
85,concord,nc,54861,928,54861,928,72616,987,72616,987,35988,890,35988,890
86,conroe--the woodlands,tx,92268,1433,92268,1433,120471,1646,120471,1646,53249,1218,53249,1218
87,conway,ar,45565,841,45565,841,74691,871,74691,871,33039,826,33039,826
88,corpus christi,tx,56183,1048,56183,1048,76096,1033,76096,1033,37549,1055,37549,1055
89,corvallis,or,58633,1193,58633,1193,97789,1301,97789,1301,33650,1157,33650,1157
90,dallas--fort worth--arlington,tx,70052,1265,70052,1265,92060,1379,92060,1379,49738,1199,49738,1199
91,dalton,ga,52796,720,52796,720,66444,770,66444,770,37689,702,37689,702
92,danbury,ct--ny,88822,1649,88822,1649,110330,1840,110330,1840,52956,1462,52956,1462
93,davenport,ia--il,60484,840,60484,840,76598,916,76598,916,33837,746,33837,746
94,davis,ca,60128,1688,60128,1688,130544,2017,130544,2017,42289,1699,42289,1699
95,dayton,oh,56770,862,56770,862,74761,917,74761,917,34046,813,34046,813
96,decatur,al,52527,793,52527,793,60603,892,60603,892,34416,693,34416,693
97,decatur,il,47242,704,47242,704,66884,746,66884,746,26752,664,26752,664
98,dekalb,il,55727,1085,55727,1085,94904,1516,94904,1516,25611,918,25611,918
99,deltona,fl,55855,975,55855,975,61076,914,61076,914,35928,1062,35928,1062
100,denton--lewisville,tx,84451,1447,84451,1447,116327,1698,116327,1698,55287,1238,55287,1238
101,denver--aurora,co,82466,1552,82466,1552,104486,1645,104486,1645,57413,1466,57413,1466
102,des moines,ia,68202,1093,68202,1093,87220,1218,87220,1218,42921,957,42921,957
103,detroit,mi,61825,986,61825,986,77014,1004,77014,1004,36509,968,36509,968
104,dothan,al,45845,741,45845,741,66316,794,66316,794,30531,724,30531,724
105,dover,de,56815,1149,56815,1149,74679,1153,74679,1153,39470,1145,39470,1145
106,dover--rochester,nh--me,63808,1235,63808,1235,85473,1459,85473,1459,51132,1107,51132,1107
107,dubuque,ia--il,56439,866,56439,866,65107,938,65107,938,41152,818,41152,818
108,duluth,mn--wi,55119,884,55119,884,72743,942,72743,942,28690,821,28690,821
109,durham,nc,64537,1147,64537,1147,96596,1188,96596,1188,42966,1119,42966,1119
110,eau claire,wi,60961,898,60961,898,78125,1009,78125,1009,37500,835,37500,835
111,el centro--calexico,ca,48348,941,48348,941,78704,1088,78704,1088,26491,881,26491,881
112,elizabethtown--radcliff,ky,50182,835,50182,835,61298,787,61298,787,43089,861,43089,861
113,elkhart,in--mi,49443,794,49443,794,59289,766,59289,766,32729,830,32729,830
114,elmira,ny,54731,757,54731,757,75400,744,75400,744,30075,753,30075,753
115,el paso,tx--nm,45971,814,45971,814,56532,787,56532,787,32184,829,32184,829
116,el paso de robles (paso robles)--atascadero,ca,80337,1672,80337,1672,84400,1742,84400,1742,74140,1644,74140,1644
117,erie,pa,47534,777,47534,777,65366,798,65366,798,27664,760,27664,760
118,eugene,or,55359,1134,55359,1134,79283,1251,79283,1251,35530,1063,35530,1063
119,evansville,in--ky,51005,811,51005,811,66698,808,66698,808,32902,813,32902,813
120,fairbanks,ak,68416,1418,68416,1418,95234,1587,95234,1587,52399,1290,52399,1290
121,fairfield,ca,88333,1832,88333,1832,97670,1927,97670,1927,75552,1757,75552,1757
122,fajardo,pr,18059,361,18059,361,22990,303,22990,303,10344,460,10344,460
123,fargo,nd--mn,59893,891,59893,891,90086,1139,90086,1139,37799,808,37799,808
124,fayetteville,nc,45755,979,45755,979,61073,1003,61073,1003,36966,962,36966,962
125,fayetteville--springdale--rogers,ar--mo,59650,933,59650,933,82961,1072,82961,1072,36762,855,36762,855
126,flagstaff,az,58834,1389,58834,1389,96715,1407,96715,1407,42351,1378,42351,1378
127,flint,mi,48080,759,48080,759,61390,754,61390,754,31492,767,31492,767
128,florence,al,41821,631,41821,631,59211,583,59211,583,25219,651,25219,651
129,florence,sc,48027,801,48027,801,64557,764,64557,764,31267,823,31267,823
130,florida--imbéry--barceloneta,pr,18960,243,18960,243,22973,183,22973,183,12780,516,12780,516
131,fort collins,co,73118,1403,73118,1403,91317,1391,91317,1391,50981,1414,50981,1414
132,fort smith,ar--ok,42802,709,42802,709,57654,721,57654,721,30768,707,30768,707
133,fort walton beach--navarre--wright,fl,65334,1269,65334,1269,81404,1275,81404,1275,40598,1264,40598,1264
134,fort wayne,in,53333,803,53333,803,65913,826,65913,826,34646,775,34646,775
135,four corners,fl,66055,1339,66055,1339,79319,1112,79319,1112,63047,1481,63047,1481
136,frederick,md,102582,1635,102582,1635,120045,1794,120045,1794,60621,1467,60621,1467
137,fredericksburg,va,90382,1510,90382,1510,115899,1637,115899,1637,53356,1377,53356,1377
138,fresno,ca,60189,1194,60189,1194,85633,1428,85633,1428,36073,1082,36073,1082
139,gainesville,fl,46781,1000,46781,1000,81615,979,81615,979,32190,1017,32190,1017
140,gainesville,ga,61123,1013,61123,1013,75853,1058,75853,1058,40190,974,40190,974
141,gastonia,nc--sc,55233,860,55233,860,71590,885,71590,885,36269,833,36269,833
142,gilroy--morgan hill,ca,118189,2428,118189,2428,161396,2860,161396,2860,72333,2065,72333,2065
143,glens falls,ny,58929,981,58929,981,83579,1049,83579,1049,39168,947,39168,947
144,grand forks,nd--mn,51744,878,51744,878,86429,1128,86429,1128,31105,809,31105,809
145,grand junction,co,58489,1005,58489,1005,66148,1027,66148,1027,42193,971,42193,971
146,grand rapids,mi,63743,975,63743,975,79203,973,79203,973,39163,978,39163,978
147,great falls,mt,46247,825,46247,825,62488,904,62488,904,32599,758,32599,758
148,greeley,co,60556,1193,60556,1193,81901,1226,81901,1226,40364,1163,40364,1163
149,green bay,wi,60284,879,60284,879,84647,1041,84647,1041,36920,791,36920,791
150,greensboro,nc,54638,951,54638,951,74042,1028,74042,1028,37949,919,37949,919
151,greenville,nc,51288,903,51288,903,78082,1052,78082,1052,39874,849,39874,849
152,greenville,sc,55396,868,55396,868,68226,833,68226,833,39607,895,39607,895
153,guayama,pr,19074,236,19074,236,22628,210,22628,210,10095,399,10095,399
154,gulfport,ms,48385,907,48385,907,64672,842,64672,842,33095,937,33095,937
155,hagerstown,md--wv--pa,55794,980,55794,980,69580,1083,69580,1083,40244,920,40244,920
156,hammond,la,37833,798,37833,798,60408,720,60408,720,21676,836,21676,836
157,hanford,ca,62251,1051,62251,1051,83001,1274,83001,1274,36932,928,36932,928
158,hanover,pa,62484,971,62484,971,75845,1108,75845,1108,38842,905,38842,905
159,harlingen,tx,34144,662,34144,662,47290,559,47290,559,26025,763,26025,763
160,harrisburg,pa,68329,1037,68329,1037,83079,1108,83079,1108,42226,969,42226,969
161,harrisonburg,va,58939,996,58939,996,83479,1028,83479,1028,43422,978,43422,978
162,hartford,ct,71870,1304,71870,1304,97675,1545,97675,1545,40118,1101,40118,1101
163,hattiesburg,ms,46102,840,46102,840,62144,694,62144,694,31181,870,31181,870
164,hemet,ca,46332,1133,46332,1133,50981,1059,50981,1059,39583,1183,39583,1183
165,hickory,nc,49015,700,49015,700,60178,710,60178,710,32206,693,32206,693
166,high point,nc,49642,865,49642,865,66573,878,66573,878,32507,856,32507,856
167,hilton head island,sc,89843,1359,89843,1359,100438,1349,100438,1349,57867,1379,57867,1379
168,holland,mi,61231,976,61231,976,69886,1027,69886,1027,39796,909,39796,909
169,homosassa springs--beverly hills--citrus springs,fl,48493,655,48493,655,54520,555,54520,555,26405,903,26405,903
170,houma,la,50320,785,50320,785,68988,704,68988,704,24419,809,24419,809
171,houston,tx,66754,1197,66754,1197,92868,1299,92868,1299,44178,1138,44178,1138
172,huntington,wv--ky--oh,48380,726,48380,726,62591,661,62591,661,25672,768,25672,768
173,huntsville,al,66423,892,66423,892,93823,930,93823,930,35580,868,35580,868
174,idaho falls,id,60029,850,60029,850,71484,912,71484,912,30790,797,30790,797
175,indianapolis,in,61838,1009,61838,1009,83528,1082,83528,1082,38245,950,38245,950
176,indio--cathedral city,ca,66746,1365,66746,1365,80325,1439,80325,1439,40443,1281,40443,1281
177,iowa city,ia,57051,1119,57051,1119,97454,1383,97454,1383,30771,973,30771,973
178,jackson,mi,43335,760,43335,760,56413,727,56413,727,25345,780,25345,780
179,jackson,ms,53753,934,53753,934,73515,959,73515,959,35534,922,35534,922
180,jackson,tn,47009,865,47009,865,61949,855,61949,855,25888,880,25888,880
181,jacksonville,fl,62909,1138,62909,1138,80605,1162,80605,1162,42348,1120,42348,1120
182,jacksonville,nc,45066,942,45066,942,54765,1090,54765,1090,35350,877,35350,877
183,janesville,wi,58687,892,58687,892,70891,903,70891,903,41444,885,41444,885
184,johnson city,tn,41989,765,41989,765,56523,809,56523,809,27502,735,27502,735
185,jonesboro,ar,40635,741,40635,741,76388,769,76388,769,27980,733,27980,733
186,joplin,mo,46836,714,46836,714,57864,705,57864,705,31501,718,31501,718
187,juana díaz,pr,18698,227,18698,227,22951,194,22951,194,9799,471,9799,471
188,kailua (honolulu county)--kaneohe,hi,106602,2177,106602,2177,122603,2004,122603,2004,70209,2415,70209,2415
189,kalamazoo,mi,53915,858,53915,858,76359,905,76359,905,33171,826,33171,826
190,kankakee,il,57418,1016,57418,1016,80263,1129,80263,1129,35788,933,35788,933
191,kansas city,mo--ks,66625,1077,66625,1077,88686,1160,88686,1160,42865,1005,42865,1005
192,kennewick--pasco,wa,67034,1091,67034,1091,83160,1139,83160,1139,38940,1043,38940,1043
193,kenosha,wi--il,59905,1076,59905,1076,81874,1195,81874,1195,36602,966,36602,966
194,killeen,tx,50758,955,50758,955,70956,1064,70956,1064,37171,903,37171,903
195,kingsport,tn--va,53207,664,53207,664,67332,669,67332,669,25108,644,25108,644
196,kissimmee,fl,53566,1203,53566,1203,63028,1081,63028,1081,39180,1334,39180,1334
197,knoxville,tn,58875,916,58875,916,76680,929,76680,929,35892,906,35892,906
198,la crosse,wi--mn,53997,874,53997,874,70202,937,70202,937,36361,850,36361,850
199,lady lake--the villages,fl,56138,696,56138,696,61589,636,61589,636,39176,1161,39176,1161
200,lafayette,in,45058,897,45058,897,74904,922,74904,922,28505,883,28505,883
201,lafayette,la,55509,853,55509,853,76946,854,76946,854,29225,853,29225,853
202,lafayette--louisville--erie,co,105713,1837,105713,1837,121472,1914,121472,1914,71938,1787,71938,1787
203,lake charles,la,45776,799,45776,799,64537,660,64537,660,31710,872,31710,872
204,lake jackson--angleton,tx,62724,1033,62724,1033,77892,844,77892,844,49958,1106,49958,1106
205,lakeland,fl,52656,932,52656,932,62316,850,62316,850,38218,981,38218,981
206,lancaster,pa,67196,1091,67196,1091,80265,1129,80265,1129,44038,1053,44038,1053
207,lancaster--palmdale,ca,63149,1423,63149,1423,78617,1534,78617,1534,41743,1318,41743,1318
208,lansing,mi,53668,914,53668,914,73912,967,73912,967,33376,870,33376,870
209,laredo,tx,56909,927,56909,927,76313,1074,76313,1074,32682,860,32682,860
210,las cruces,nm,44470,787,44470,787,61514,825,61514,825,24918,771,24918,771
211,las vegas--henderson,nv,61818,1214,61818,1214,80559,1248,80559,1248,45075,1193,45075,1193
212,lawrence,ks,57517,1026,57517,1026,92372,1206,92372,1206,38150,959,38150,959
213,lawton,ok,46997,780,46997,780,63701,727,63701,727,34791,811,34791,811
214,lebanon,pa,57960,888,57960,888,76307,903,76307,903,32208,881,32208,881
215,leesburg--eustis--tavares,fl,44867,794,44867,794,53806,676,53806,676,29309,1006,29309,1006
216,lee's summit,mo,100110,1380,100110,1380,112691,1448,112691,1448,56233,1247,56233,1247
217,leominster--fitchburg,ma,59401,1108,59401,1108,82073,1353,82073,1353,35442,958,35442,958
218,lexington-fayette,ky,57424,989,57424,989,85515,1082,85515,1082,37201,931,37201,931
219,lima,oh,49353,749,49353,749,64777,752,64777,752,33459,728,33459,728
220,lincoln,ne,58409,927,58409,927,81256,1049,81256,1049,36657,856,36657,856
221,little rock,ar,55092,876,55092,876,73160,931,73160,931,36716,843,36716,843
222,livermore,ca,136875,2528,136875,2528,164309,2609,164309,2609,95860,2404,95860,2404
223,lodi,ca,66615,1296,66615,1296,86152,1442,86152,1442,54784,1184,54784,1184
224,logan,ut,60452,990,60452,990,81320,1147,81320,1147,35671,847,35671,847
225,longmont,co,82407,1524,82407,1524,98889,1501,98889,1501,53231,1549,53231,1549
226,longview,tx,52643,836,52643,836,69306,804,69306,804,32119,861,32119,861
227,longview,wa--or,49935,922,49935,922,62320,944,62320,944,35503,902,35503,902
228,lorain--elyria,oh,47039,772,47039,772,65345,839,65345,839,24480,703,24480,703
229,los angeles--long beach--anaheim,ca,76278,1749,76278,1749,107283,2058,107283,2058,56257,1642,56257,1642
230,louisville/jefferson county,ky--in,60137,956,60137,956,74604,1020,74604,1020,35718,892,35718,892
231,lubbock,tx,52292,981,52292,981,78385,992,78385,992,37280,976,37280,976
232,lynchburg,va,59283,861,59283,861,76555,851,76555,851,40724,868,40724,868
233,mcallen,tx,42462,680,42462,680,51375,617,51375,617,30311,763,30311,763
234,mckinney,tx,94639,1762,94639,1762,120586,1949,120586,1949,60289,1488,60289,1488
235,macon,ga,40338,838,40338,838,65332,831,65332,831,30627,843,30627,843
236,madera,ca,54070,1155,54070,1155,91590,1356,91590,1356,33883,997,33883,997
237,madison,wi,73465,1254,73465,1254,108002,1517,108002,1517,46564,1123,46564,1123
238,manchester,nh,71302,1417,71302,1417,101992,1661,101992,1661,45843,1223,45843,1223
239,mandeville--covington,la,75503,1285,75503,1285,90336,1310,90336,1310,44055,1253,44055,1253
240,mansfield,oh,45010,687,45010,687,57476,676,57476,676,31647,697,31647,697
241,manteca,ca,77955,1695,77955,1695,94272,1793,94272,1793,57237,1583,57237,1583
242,marysville,wa,90060,1609,90060,1609,99080,1714,99080,1714,62148,1411,62148,1411
243,mauldin--simpsonville,sc,85469,1148,85469,1148,97541,1165,97541,1165,43349,1091,43349,1091
244,mayagüez,pr,15844,255,15844,255,21985,185,21985,185,8082,383,8082,383
245,medford,or,55389,1065,55389,1065,74533,1040,74533,1040,38467,1077,38467,1077
246,memphis,tn--ms--ar,52270,977,52270,977,74348,1008,74348,1008,34487,958,34487,958
247,merced,ca,57450,1119,57450,1119,77421,1184,77421,1184,38787,1070,38787,1070
248,miami,fl,60073,1383,60073,1383,75197,1294,75197,1294,44715,1440,44715,1440
249,michigan city--la porte,in--mi,49969,771,49969,771,64437,842,64437,842,27895,714,27895,714
250,middletown,oh,52899,827,52899,827,65629,795,65629,795,34326,835,34326,835
251,midland,tx,78559,1337,78559,1337,103568,1292,103568,1292,47846,1403,47846,1403
252,milwaukee,wi,63416,1028,63416,1028,88130,1223,88130,1223,38241,916,38241,916
253,minneapolis--st. paul,mn--wi,82064,1305,82064,1305,103619,1430,103619,1430,47361,1155,47361,1155
254,mission viejo--lake forest--san clemente,ca,113540,2301,113540,2301,136697,2411,136697,2411,76752,2210,76752,2210
255,missoula,mt,55457,969,55457,969,73814,1093,73814,1093,36909,891,36909,891
256,mobile,al,48446,854,48446,854,64094,862,64094,862,29082,848,29082,848
257,modesto,ca,65908,1322,65908,1322,81629,1389,81629,1389,45803,1255,45803,1255
258,monroe,la,36280,699,36280,699,58426,583,58426,583,25691,745,25691,745
259,montgomery,al,52230,896,52230,896,69465,871,69465,871,41302,910,41302,910
260,morgantown,wv,49108,818,49108,818,93912,944,93912,944,25525,794,25525,794
261,mount vernon,wa,63059,1186,63059,1186,77005,1313,77005,1313,44076,1061,44076,1061
262,muncie,in,41671,680,41671,680,60228,653,60228,653,25823,696,25823,696
263,murfreesboro,tn,67373,1189,67373,1189,85987,1304,85987,1304,48026,1104,48026,1104
264,murrieta--temecula--menifee,ca,86265,1906,86265,1906,97916,1967,97916,1967,69516,1830,69516,1830
265,muskegon,mi,51971,742,51971,742,65189,751,65189,751,29281,748,29281,748
266,myrtle beach--socastee,sc--nc,54571,946,54571,946,62228,850,62228,850,41428,1051,41428,1051
267,nampa,id,56823,953,56823,953,67857,959,67857,959,35167,943,35167,943
268,napa,ca,90108,1816,90108,1816,110493,1738,110493,1738,74089,1878,74089,1878
269,nashua,nh--ma,87903,1516,87903,1516,111333,1752,111333,1752,48733,1301,48733,1301
270,nashville-davidson,tn,70275,1225,70275,1225,91317,1248,91317,1248,48165,1207,48165,1207
271,newark,oh,53268,813,53268,813,66375,839,66375,839,33275,794,33275,794
272,new bedford,ma,56359,1006,56359,1006,85609,1332,85609,1332,34809,898,34809,898
273,new haven,ct,70013,1402,70013,1402,95471,1609,95471,1609,37702,1203,37702,1203
274,new orleans,la,52336,958,52336,958,68306,930,68306,930,32977,972,32977,972
275,new york--newark,ny--nj--ct,82437,1687,82437,1687,119454,2110,119454,2110,55327,1482,55327,1482
276,norman,ok,53159,936,53159,936,92198,1103,92198,1103,32049,853,32049,853
277,north port--port charlotte,fl,51325,882,51325,882,55614,826,55614,826,36040,1098,36040,1098
278,norwich--new london,ct--ri,71461,1272,71461,1272,95638,1434,95638,1434,47519,1142,47519,1142
279,ocala,fl,48355,846,48355,846,56758,699,56758,699,33991,977,33991,977
280,odessa,tx,66422,1012,66422,1012,84395,799,84395,799,49702,1137,49702,1137
281,ogden--layton,ut,77624,1205,77624,1205,88999,1284,88999,1284,50250,1072,50250,1072
282,oklahoma city,ok,57637,931,57637,931,76885,985,76885,985,38673,891,38673,891
283,olympia--lacey,wa,73364,1355,73364,1355,93223,1454,93223,1454,47339,1276,47339,1276
284,omaha,ne--ia,68489,1107,68489,1107,88742,1257,88742,1257,42492,958,42492,958
285,orlando,fl,64174,1271,64174,1271,81418,1217,81418,1217,47174,1307,47174,1307
286,oshkosh,wi,58268,831,58268,831,79542,881,79542,881,36974,777,36974,777
287,owensboro,ky,45644,802,45644,802,64305,806,64305,806,30357,800,30357,800
288,oxnard,ca,79330,1675,79330,1675,103056,1798,103056,1798,62509,1637,62509,1637
289,palm bay--melbourne,fl,57448,991,57448,991,64256,905,64256,905,43590,1152,43590,1152
290,palm coast--daytona beach--port orange,fl,52303,972,52303,972,60307,854,60307,854,38852,1145,38852,1145
291,panama city,fl,59754,1025,59754,1025,64632,935,64632,935,55293,1197,55293,1197
292,parkersburg,wv--oh,42243,603,42243,603,55707,571,55707,571,24760,652,24760,652
293,pensacola,fl--al,53385,951,53385,951,65437,881,65437,881,41724,1023,41724,1023
294,peoria,il,58425,841,58425,841,73266,915,73266,915,28811,741,28811,741
295,petaluma,ca,95682,1974,95682,1974,107974,1957,107974,1957,71080,1990,71080,1990
296,philadelphia,pa--nj--de--md,72494,1276,72494,1276,94377,1406,94377,1406,42340,1160,42340,1160
297,phoenix--mesa,az,66933,1179,66933,1179,83276,1174,83276,1174,48279,1184,48279,1184
298,pittsburgh,pa,63325,908,63325,908,81495,941,81495,941,37871,872,37871,872
299,pocatello,id,51003,721,51003,721,68000,855,68000,855,27249,662,27249,662
300,ponce,pr,15362,254,15362,254,22431,214,22431,214,7569,363,7569,363
301,port arthur,tx,56976,775,56976,775,65590,619,65590,619,35969,904,35969,904
302,porterville,ca,58458,1051,58458,1051,69835,1050,69835,1050,32552,1053,32552,1053
303,port huron,mi,51361,801,51361,801,64143,785,64143,785,29974,829,29974,829
304,portland,me,69000,1237,69000,1237,90855,1396,90855,1396,46243,1140,46243,1140
305,portland,or--wa,76942,1482,76942,1482,101439,1652,101439,1652,52119,1366,52119,1366
306,port st. lucie,fl,63321,1052,63321,1052,70156,965,70156,965,44093,1220,44093,1220
307,portsmouth,nh--me,83609,1513,83609,1513,98425,1718,98425,1718,56293,1319,56293,1319
308,pottstown,pa,80184,1216,80184,1216,101644,1406,101644,1406,40011,987,40011,987
309,poughkeepsie--newburgh,ny--nj,81397,1520,81397,1520,106076,1739,106076,1739,44439,1337,44439,1337
310,prescott valley--prescott,az,59080,1004,59080,1004,65448,950,65448,950,46063,1106,46063,1106
311,providence,ri--ma,68273,1215,68273,1215,92446,1503,92446,1503,36697,1005,36697,1005
312,provo--orem,ut,77321,1274,77321,1274,97854,1397,97854,1397,44804,1106,44804,1106
313,pueblo,co,48359,850,48359,850,62142,847,62142,847,30130,854,30130,854
314,racine,wi,52817,905,52817,905,75502,1016,75502,1016,30160,802,30160,802
315,raleigh,nc,82128,1284,82128,1284,107832,1400,107832,1400,47620,1189,47620,1189
316,rapid city,sd,54157,908,54157,908,71585,982,71585,982,30938,834,30938,834
317,reading,pa,62925,1002,62925,1002,77955,1084,77955,1084,40987,928,40987,928
318,redding,ca,60721,1105,60721,1105,73399,1091,73399,1091,48404,1115,48404,1115
319,reno,nv--ca,70234,1259,70234,1259,90683,1350,90683,1350,48790,1191,48790,1191
320,richmond,va,65978,1197,65978,1197,90245,1249,90245,1249,40823,1160,40823,1160
321,riverside--san bernardino,ca,71790,1514,71790,1514,90700,1634,90700,1634,48729,1406,48729,1406
322,roanoke,va,54948,894,54948,894,73637,947,73637,947,31948,854,31948,854
323,rochester,mn,73859,1070,73859,1070,95661,1110,95661,1110,43391,1015,43391,1015
324,rochester,ny,61529,998,61529,998,84811,1094,84811,1094,35032,929,35032,929
325,rockford,il,57493,883,57493,883,74128,924,74128,924,32282,835,32282,835
326,rock hill,sc,55902,1022,55902,1022,73708,1007,73708,1007,40733,1040,40733,1040
327,rocky mount,nc,46152,833,46152,833,62982,873,62982,873,27088,806,27088,806
328,rome,ga,39521,785,39521,785,58867,811,58867,811,27525,780,27525,780
329,round lake beach--mchenry--grayslake,il--wi,84475,1343,84475,1343,95269,1401,95269,1401,51396,1198,51396,1198
330,sacramento,ca,76222,1510,76222,1510,101141,1698,101141,1698,50818,1396,50818,1396
331,saginaw,mi,39534,687,39534,687,52434,633,52434,633,28125,762,28125,762
332,st. augustine,fl,64291,1029,64291,1029,71264,990,71264,990,40485,1102,40485,1102
333,st. cloud,mn,54086,908,54086,908,75190,1015,75190,1015,40866,861,40866,861
334,st. george,ut,68271,1116,68271,1116,76214,1084,76214,1084,55158,1155,55158,1155
335,st. joseph,mo--ks,44138,766,44138,766,57832,735,57832,735,26344,785,26344,785
336,st. louis,mo--il,66202,1014,66202,1014,86599,1126,86599,1126,37611,904,37611,904
337,salem,or,63860,1178,63860,1178,80687,1347,80687,1347,40935,1069,40935,1069
338,salinas,ca,74875,1665,74875,1665,96249,1916,96249,1916,52957,1583,52957,1583
339,salisbury,md--de,52013,1046,52013,1046,67172,1087,67172,1087,37804,1017,37804,1017
340,salt lake city--west valley city,ut,79491,1307,79491,1307,96261,1415,96261,1415,50355,1183,50355,1183
341,san angelo,tx,54128,876,54128,876,70560,780,70560,780,36869,974,36869,974
342,san antonio,tx,60075,1073,60075,1073,77660,1103,77660,1103,41754,1054,41754,1054
343,san diego,ca,83129,1866,83129,1866,111383,2127,111383,2127,60435,1755,60435,1755
344,san francisco--oakland,ca,111700,2189,111700,2189,144534,2477,144534,2477,84762,2038,84762,2038
345,san germán--cabo rojo--sabana grande,pr,16859,206,16859,206,20221,179,20221,179,10299,450,10299,450
346,san jose,ca,133543,2478,133543,2478,167708,2614,167708,2614,98793,2407,98793,2407
347,san juan,pr,23646,449,23646,449,29174,367,29174,367,14409,528,14409,528
348,san marcos,tx,43587,1090,43587,1090,75593,1134,75593,1134,32768,1082,32768,1082
349,santa barbara,ca,78632,1862,78632,1862,131934,2108,131934,2108,57192,1837,57192,1837
350,santa clarita,ca,103402,2267,103402,2267,123980,2425,123980,2425,65543,2084,65543,2084
351,santa cruz,ca,94174,2005,94174,2005,112329,2245,112329,2245,66431,1909,66431,1909
352,santa fe,nm,55814,1105,55814,1105,68134,1154,68134,1154,40235,1025,40235,1025
353,santa maria,ca,73031,1481,73031,1481,85688,1546,85688,1546,52576,1422,52576,1422
354,santa rosa,ca,84439,1819,84439,1819,104005,1922,104005,1922,61658,1740,61658,1740
355,sarasota--bradenton,fl,64209,1053,64209,1053,70924,924,70924,924,46941,1250,46941,1250
356,saratoga springs,ny,92125,1375,92125,1375,121343,1392,121343,1392,55061,1358,55061,1358
357,savannah,ga,57438,1118,57438,1118,73727,1139,73727,1139,38090,1105,38090,1105
358,scranton,pa,51614,805,51614,805,66077,827,66077,827,33939,790,33939,790
359,seaside--monterey,ca,78224,1934,78224,1934,105610,2094,105610,2094,71751,1881,71751,1881
360,seattle,wa,93337,1749,93337,1749,119853,1941,119853,1941,62643,1630,62643,1630
361,sebastian--vero beach south--florida ridge,fl,58266,902,58266,902,66260,838,66260,838,35747,1036,35747,1036
362,sebring--avon park,fl,45990,606,45990,606,52840,467,52840,467,32275,782,32275,782
363,sheboygan,wi,55092,828,55092,828,65127,900,65127,900,42848,741,42848,741
364,sherman,tx,51625,882,51625,882,62753,902,62753,902,31684,874,31684,874
365,shreveport,la,46613,849,46613,849,59784,826,59784,826,25930,867,25930,867
366,simi valley,ca,100320,2289,100320,2289,116155,2336,116155,2336,80281,2208,80281,2208
367,sioux city,ia--ne--sd,57377,858,57377,858,80334,880,80334,880,35036,842,35036,842
368,sioux falls,sd,60222,944,60222,944,82486,1150,82486,1150,40734,838,40734,838
369,slidell,la,59964,974,59964,974,75187,965,75187,965,32115,985,32115,985
370,south bend,in--mi,52266,825,52266,825,63819,793,63819,793,30596,870,30596,870
371,south lyon--howell,mi,82399,1246,82399,1246,92893,1392,92893,1392,45789,1008,45789,1008
372,spartanburg,sc,53150,855,53150,855,66788,834,66788,834,31669,875,31669,875
373,spokane,wa,57825,1028,57825,1028,75665,1146,75665,1146,40093,951,40093,951
374,springfield,il,58331,883,58331,883,79193,968,79193,968,29545,813,29545,813
375,springfield,ma--ct,62924,1120,62924,1120,89618,1304,89618,1304,31723,961,31723,961
376,springfield,mo,42903,787,42903,787,62930,842,62930,842,28932,759,28932,759
377,springfield,oh,42144,729,42144,729,57940,722,57940,722,28540,729,28540,729
378,spring hill,fl,50454,849,50454,849,56700,768,56700,768,36740,985,36740,985
379,state college,pa,57463,1161,57463,1161,96595,1411,96595,1411,34414,1086,34414,1086
380,stockton,ca,58808,1229,58808,1229,75947,1329,75947,1329,41075,1177,41075,1177
381,sumter,sc,52865,821,52865,821,60230,787,60230,787,39518,877,39518,877
382,syracuse,ny,59568,936,59568,936,82669,1039,82669,1039,33489,858,33489,858
383,tallahassee,fl,53084,1042,53084,1042,84863,1088,84863,1088,34620,1022,34620,1022
384,tampa--st. petersburg,fl,58498,1118,58498,1118,71145,1049,71145,1049,42289,1175,42289,1175
385,temple,tx,56788,969,56788,969,69697,1010,69697,1010,43841,949,43841,949
386,terre haute,in,40323,689,40323,689,60925,675,60925,675,22209,694,22209,694
387,texarkana--texarkana,tx--ar,45768,724,45768,724,70804,643,70804,643,33207,783,33207,783
388,texas city,tx,55530,935,55530,935,66766,853,66766,853,38666,1029,38666,1029
389,thousand oaks,ca,117220,2433,117220,2433,137011,2583,137011,2583,81934,2282,81934,2282
390,toledo,oh--mi,51937,839,51937,839,70621,923,70621,923,30269,767,30269,767
391,topeka,ks,54615,808,54615,808,68397,788,68397,788,38842,831,38842,831
392,tracy,ca,98611,2019,98611,2019,109797,2156,109797,2156,83251,1864,83251,1864
393,trenton,nj,73178,1391,73178,1391,95092,1597,95092,1597,39120,1181,39120,1181
394,tucson,az,54387,921,54387,921,72577,953,72577,953,35565,897,35565,897
395,tulsa,ok,57520,934,57520,934,76914,1010,76914,1010,36980,876,36980,876
396,turlock,ca,56624,1196,56624,1196,77040,1269,77040,1269,40317,1168,40317,1168
397,tuscaloosa,al,50350,939,50350,939,80605,1018,80605,1018,31245,896,31245,896
398,twin rivers--hightstown,nj,114983,2119,114983,2119,144867,2438,144867,2438,60749,1457,60749,1457
399,tyler,tx,55175,975,55175,975,67659,914,67659,914,41922,998,41922,998
400,urban honolulu,hi,85362,1810,85362,1810,109695,1964,109695,1964,63699,1733,63699,1733
401,utica,ny,53396,877,53396,877,69721,944,69721,944,34388,781,34388,781
402,vacaville,ca,91287,1841,91287,1841,115526,1905,115526,1905,65382,1777,65382,1777
403,valdosta,ga,39983,794,39983,794,55439,731,55439,731,32329,832,32329,832
404,vallejo,ca,82523,1790,82523,1790,101934,1878,101934,1878,52794,1712,52794,1712
405,victoria,tx,55308,932,55308,932,70554,882,70554,882,36281,985,36281,985
406,victorville--hesperia,ca,56833,1250,56833,1250,70825,1285,70825,1285,40128,1204,40128,1204
407,vineland,nj,52886,1215,52886,1215,70161,1348,70161,1348,33432,1117,33432,1117
408,virginia beach,va,66635,1279,66635,1279,85756,1397,85756,1397,46611,1183,46611,1183
409,visalia,ca,59217,1186,59217,1186,74214,1309,74214,1309,41862,1087,41862,1087
410,waco,tx,44636,861,44636,861,66866,822,66866,822,30851,876,30851,876
411,waldorf,md,100722,1759,100722,1759,109856,1876,109856,1876,68697,1651,68697,1651
412,warner robins,ga,61821,960,61821,960,80662,1022,80662,1022,38052,924,38052,924
413,washington,dc--va--md,106656,1906,106656,1906,138287,2140,138287,2140,70579,1745,70579,1745
414,waterbury,ct,55444,1126,55444,1126,87009,1356,87009,1356,31966,983,31966,983
415,waterloo,ia,57913,856,57913,856,75158,882,75158,882,40041,840,40041,840
416,watsonville,ca,64935,1507,64935,1507,88869,1478,88869,1478,56793,1526,56793,1526
417,wausau,wi,59629,800,59629,800,75075,829,75075,829,37563,765,37563,765
418,weirton--steubenville,wv--oh--pa,45313,635,45313,635,57294,574,57294,574,33917,690,33917,690
419,wenatchee,wa,59330,1056,59330,1056,75830,1115,75830,1115,43674,1012,43674,1012
420,west bend,wi,65523,1029,65523,1029,82356,1174,82356,1174,43914,841,43914,841
421,westminster--eldersburg,md,101528,1560,101528,1560,119947,1818,119947,1818,45131,1221,45131,1221
422,wheeling,wv--oh,44164,623,44164,623,57063,609,57063,609,26450,655,26450,655
423,wichita,ks,58031,883,58031,883,75097,942,75097,942,36076,845,36076,845
424,wichita falls,tx,49079,785,49079,785,67200,802,67200,802,35546,773,35546,773
425,williamsburg,va,88285,1292,88285,1292,99494,1332,99494,1332,44783,1234,44783,1234
426,wilmington,nc,57335,1153,57335,1153,80510,1216,80510,1216,38474,1109,38474,1109
427,winchester,va,81457,1214,81457,1214,97291,1280,97291,1280,60138,1160,60138,1160
428,winston-salem,nc,52432,859,52432,859,70605,912,70605,912,31212,823,31212,823
429,winter haven,fl,49085,819,49085,819,52881,726,52881,726,36025,923,36025,923
430,worcester,ma--ct,75006,1322,75006,1322,104165,1640,104165,1640,41662,1117,41662,1117
431,yakima,wa,51938,914,51938,914,68950,967,68950,967,33223,869,33223,869
432,yauco,pr,16003,175,16003,175,18460,160,18460,160,10795,369,10795,369
433,york,pa,61992,1036,61992,1036,78768,1099,78768,1099,37404,971,37404,971
434,youngstown,oh--pa,43620,664,43620,664,57027,654,57027,654,25311,674,25311,674
435,yuba city,ca,59603,1123,59603,1123,81133,1210,81133,1210,36554,1078,36554,1078
436,yuma,az--ca,47201,806,47201,806,54529,725,54529,725,31723,879,31723,879
437,zephyrhills,fl,44360,655,44360,655,48789,538,48789,538,36764,936,36764,936
